{
  "nbformat": 4,
  "nbformat_minor": 0,
  "metadata": {
    "colab": {
      "provenance": []
    },
    "kernelspec": {
      "name": "python3",
      "display_name": "Python 3"
    },
    "language_info": {
      "name": "python"
    },
    "accelerator": "GPU",
    "gpuClass": "standard"
  },
  "cells": [
    {
      "cell_type": "code",
      "execution_count": null,
      "metadata": {
        "id": "OlGtcW0ycAhI"
      },
      "outputs": [],
      "source": [
        "import pandas as pd\n",
        "from tqdm import tqdm\n",
        "from sklearn.model_selection import train_test_split\n",
        "import matplotlib.pyplot as plt\n",
        "import seaborn as sns\n",
        "import numpy as np\n",
        "from sklearn.preprocessing import OneHotEncoder\n",
        "import xgboost as xgb"
      ]
    },
    {
      "cell_type": "code",
      "source": [
        "filenames = ['/content/drive/MyDrive/kbo/baseball_' + str(x) + '.csv' for x in list(range(2015, 2021))]\n",
        "filenames"
      ],
      "metadata": {
        "colab": {
          "base_uri": "https://localhost:8080/"
        },
        "id": "Mncl_-AQcjz3",
        "outputId": "25d8fe19-2f7b-47d2-f464-89d7617f9b67"
      },
      "execution_count": null,
      "outputs": [
        {
          "output_type": "execute_result",
          "data": {
            "text/plain": [
              "['/content/drive/MyDrive/kbo/baseball_2015.csv',\n",
              " '/content/drive/MyDrive/kbo/baseball_2016.csv',\n",
              " '/content/drive/MyDrive/kbo/baseball_2017.csv',\n",
              " '/content/drive/MyDrive/kbo/baseball_2018.csv',\n",
              " '/content/drive/MyDrive/kbo/baseball_2019.csv',\n",
              " '/content/drive/MyDrive/kbo/baseball_2020.csv']"
            ]
          },
          "metadata": {},
          "execution_count": 3
        }
      ]
    },
    {
      "cell_type": "code",
      "source": [
        "data = pd.DataFrame()\n",
        "for filename in tqdm(filenames):\n",
        "  temp = pd.read_csv(filename)\n",
        "  data = pd.concat([data, temp])"
      ],
      "metadata": {
        "colab": {
          "base_uri": "https://localhost:8080/"
        },
        "id": "thr5ZPUNdAM0",
        "outputId": "7969df5c-3581-4162-a6bd-fe20dde2815d"
      },
      "execution_count": null,
      "outputs": [
        {
          "output_type": "stream",
          "name": "stderr",
          "text": [
            "100%|██████████| 6/6 [00:02<00:00,  2.08it/s]\n"
          ]
        }
      ]
    },
    {
      "cell_type": "code",
      "source": [
        "baseball_data = data.copy()"
      ],
      "metadata": {
        "id": "XjwRDp8-dPMc"
      },
      "execution_count": null,
      "outputs": []
    },
    {
      "cell_type": "code",
      "source": [
        "data.head()"
      ],
      "metadata": {
        "id": "itPHQwVudx1F",
        "colab": {
          "base_uri": "https://localhost:8080/",
          "height": 206
        },
        "outputId": "510a7791-d2f0-402a-8c78-8d2a7da53df9"
      },
      "execution_count": null,
      "outputs": [
        {
          "output_type": "execute_result",
          "data": {
            "text/plain": [
              "            G_ID   GDAY_DS T_ID VS_T_ID  HEADER_NO TB_SC    PA    AB   RBI  \\\n",
              "0  20150328HHNE0  20150328   HH      NE          0     T  54.0  42.0   4.0   \n",
              "1  20150328HHNE0  20150328   NE      HH          0     B  46.0  40.0   5.0   \n",
              "2  20150328KTLT0  20150328   KT      LT          0     T  46.0  35.0   8.0   \n",
              "3  20150328KTLT0  20150328   LT      KT          0     B  42.0  37.0  12.0   \n",
              "4  20150328LGHT0  20150328   LG      HT          0     T  34.0  29.0   1.0   \n",
              "\n",
              "    RUN   HIT  H2  H3   HR  SB  CS  SF   BB   HP   KK   GD   LOB  P_HRA_RT  \\\n",
              "0   4.0  10.0   4   0  0.0   8   0   1  7.0  1.0  7.0  0.0  24.0  0.133333   \n",
              "1   5.0   8.0   4   0  2.0   4   0   0  6.0  0.0  7.0  1.0  18.0  0.090909   \n",
              "2   9.0  14.0   2   0  2.0   2   1   1  8.0  1.0  8.0  1.0  23.0  0.285714   \n",
              "3  12.0  14.0  10   0  2.0   4   1   0  3.0  1.0  8.0  1.0  17.0  0.437500   \n",
              "4   1.0   7.0   4   2  0.0   0   0   0  4.0  0.0  6.0  2.0  17.0  0.200000   \n",
              "\n",
              "   P_AB_CN  P_HIT_CN       OBP       OOO  win  \n",
              "0       15         2  0.352941  0.238095  0.0  \n",
              "1       11         1  0.304348  0.200000  1.0  \n",
              "2       14         4  0.511111  0.400000  0.0  \n",
              "3       16         7  0.439024  0.378378  1.0  \n",
              "4       10         2  0.333333  0.241379  0.0  "
            ],
            "text/html": [
              "\n",
              "  <div id=\"df-ea96de76-c82a-4c4e-8f79-b346ced9907b\">\n",
              "    <div class=\"colab-df-container\">\n",
              "      <div>\n",
              "<style scoped>\n",
              "    .dataframe tbody tr th:only-of-type {\n",
              "        vertical-align: middle;\n",
              "    }\n",
              "\n",
              "    .dataframe tbody tr th {\n",
              "        vertical-align: top;\n",
              "    }\n",
              "\n",
              "    .dataframe thead th {\n",
              "        text-align: right;\n",
              "    }\n",
              "</style>\n",
              "<table border=\"1\" class=\"dataframe\">\n",
              "  <thead>\n",
              "    <tr style=\"text-align: right;\">\n",
              "      <th></th>\n",
              "      <th>G_ID</th>\n",
              "      <th>GDAY_DS</th>\n",
              "      <th>T_ID</th>\n",
              "      <th>VS_T_ID</th>\n",
              "      <th>HEADER_NO</th>\n",
              "      <th>TB_SC</th>\n",
              "      <th>PA</th>\n",
              "      <th>AB</th>\n",
              "      <th>RBI</th>\n",
              "      <th>RUN</th>\n",
              "      <th>HIT</th>\n",
              "      <th>H2</th>\n",
              "      <th>H3</th>\n",
              "      <th>HR</th>\n",
              "      <th>SB</th>\n",
              "      <th>CS</th>\n",
              "      <th>SF</th>\n",
              "      <th>BB</th>\n",
              "      <th>HP</th>\n",
              "      <th>KK</th>\n",
              "      <th>GD</th>\n",
              "      <th>LOB</th>\n",
              "      <th>P_HRA_RT</th>\n",
              "      <th>P_AB_CN</th>\n",
              "      <th>P_HIT_CN</th>\n",
              "      <th>OBP</th>\n",
              "      <th>OOO</th>\n",
              "      <th>win</th>\n",
              "    </tr>\n",
              "  </thead>\n",
              "  <tbody>\n",
              "    <tr>\n",
              "      <th>0</th>\n",
              "      <td>20150328HHNE0</td>\n",
              "      <td>20150328</td>\n",
              "      <td>HH</td>\n",
              "      <td>NE</td>\n",
              "      <td>0</td>\n",
              "      <td>T</td>\n",
              "      <td>54.0</td>\n",
              "      <td>42.0</td>\n",
              "      <td>4.0</td>\n",
              "      <td>4.0</td>\n",
              "      <td>10.0</td>\n",
              "      <td>4</td>\n",
              "      <td>0</td>\n",
              "      <td>0.0</td>\n",
              "      <td>8</td>\n",
              "      <td>0</td>\n",
              "      <td>1</td>\n",
              "      <td>7.0</td>\n",
              "      <td>1.0</td>\n",
              "      <td>7.0</td>\n",
              "      <td>0.0</td>\n",
              "      <td>24.0</td>\n",
              "      <td>0.133333</td>\n",
              "      <td>15</td>\n",
              "      <td>2</td>\n",
              "      <td>0.352941</td>\n",
              "      <td>0.238095</td>\n",
              "      <td>0.0</td>\n",
              "    </tr>\n",
              "    <tr>\n",
              "      <th>1</th>\n",
              "      <td>20150328HHNE0</td>\n",
              "      <td>20150328</td>\n",
              "      <td>NE</td>\n",
              "      <td>HH</td>\n",
              "      <td>0</td>\n",
              "      <td>B</td>\n",
              "      <td>46.0</td>\n",
              "      <td>40.0</td>\n",
              "      <td>5.0</td>\n",
              "      <td>5.0</td>\n",
              "      <td>8.0</td>\n",
              "      <td>4</td>\n",
              "      <td>0</td>\n",
              "      <td>2.0</td>\n",
              "      <td>4</td>\n",
              "      <td>0</td>\n",
              "      <td>0</td>\n",
              "      <td>6.0</td>\n",
              "      <td>0.0</td>\n",
              "      <td>7.0</td>\n",
              "      <td>1.0</td>\n",
              "      <td>18.0</td>\n",
              "      <td>0.090909</td>\n",
              "      <td>11</td>\n",
              "      <td>1</td>\n",
              "      <td>0.304348</td>\n",
              "      <td>0.200000</td>\n",
              "      <td>1.0</td>\n",
              "    </tr>\n",
              "    <tr>\n",
              "      <th>2</th>\n",
              "      <td>20150328KTLT0</td>\n",
              "      <td>20150328</td>\n",
              "      <td>KT</td>\n",
              "      <td>LT</td>\n",
              "      <td>0</td>\n",
              "      <td>T</td>\n",
              "      <td>46.0</td>\n",
              "      <td>35.0</td>\n",
              "      <td>8.0</td>\n",
              "      <td>9.0</td>\n",
              "      <td>14.0</td>\n",
              "      <td>2</td>\n",
              "      <td>0</td>\n",
              "      <td>2.0</td>\n",
              "      <td>2</td>\n",
              "      <td>1</td>\n",
              "      <td>1</td>\n",
              "      <td>8.0</td>\n",
              "      <td>1.0</td>\n",
              "      <td>8.0</td>\n",
              "      <td>1.0</td>\n",
              "      <td>23.0</td>\n",
              "      <td>0.285714</td>\n",
              "      <td>14</td>\n",
              "      <td>4</td>\n",
              "      <td>0.511111</td>\n",
              "      <td>0.400000</td>\n",
              "      <td>0.0</td>\n",
              "    </tr>\n",
              "    <tr>\n",
              "      <th>3</th>\n",
              "      <td>20150328KTLT0</td>\n",
              "      <td>20150328</td>\n",
              "      <td>LT</td>\n",
              "      <td>KT</td>\n",
              "      <td>0</td>\n",
              "      <td>B</td>\n",
              "      <td>42.0</td>\n",
              "      <td>37.0</td>\n",
              "      <td>12.0</td>\n",
              "      <td>12.0</td>\n",
              "      <td>14.0</td>\n",
              "      <td>10</td>\n",
              "      <td>0</td>\n",
              "      <td>2.0</td>\n",
              "      <td>4</td>\n",
              "      <td>1</td>\n",
              "      <td>0</td>\n",
              "      <td>3.0</td>\n",
              "      <td>1.0</td>\n",
              "      <td>8.0</td>\n",
              "      <td>1.0</td>\n",
              "      <td>17.0</td>\n",
              "      <td>0.437500</td>\n",
              "      <td>16</td>\n",
              "      <td>7</td>\n",
              "      <td>0.439024</td>\n",
              "      <td>0.378378</td>\n",
              "      <td>1.0</td>\n",
              "    </tr>\n",
              "    <tr>\n",
              "      <th>4</th>\n",
              "      <td>20150328LGHT0</td>\n",
              "      <td>20150328</td>\n",
              "      <td>LG</td>\n",
              "      <td>HT</td>\n",
              "      <td>0</td>\n",
              "      <td>T</td>\n",
              "      <td>34.0</td>\n",
              "      <td>29.0</td>\n",
              "      <td>1.0</td>\n",
              "      <td>1.0</td>\n",
              "      <td>7.0</td>\n",
              "      <td>4</td>\n",
              "      <td>2</td>\n",
              "      <td>0.0</td>\n",
              "      <td>0</td>\n",
              "      <td>0</td>\n",
              "      <td>0</td>\n",
              "      <td>4.0</td>\n",
              "      <td>0.0</td>\n",
              "      <td>6.0</td>\n",
              "      <td>2.0</td>\n",
              "      <td>17.0</td>\n",
              "      <td>0.200000</td>\n",
              "      <td>10</td>\n",
              "      <td>2</td>\n",
              "      <td>0.333333</td>\n",
              "      <td>0.241379</td>\n",
              "      <td>0.0</td>\n",
              "    </tr>\n",
              "  </tbody>\n",
              "</table>\n",
              "</div>\n",
              "      <button class=\"colab-df-convert\" onclick=\"convertToInteractive('df-ea96de76-c82a-4c4e-8f79-b346ced9907b')\"\n",
              "              title=\"Convert this dataframe to an interactive table.\"\n",
              "              style=\"display:none;\">\n",
              "        \n",
              "  <svg xmlns=\"http://www.w3.org/2000/svg\" height=\"24px\"viewBox=\"0 0 24 24\"\n",
              "       width=\"24px\">\n",
              "    <path d=\"M0 0h24v24H0V0z\" fill=\"none\"/>\n",
              "    <path d=\"M18.56 5.44l.94 2.06.94-2.06 2.06-.94-2.06-.94-.94-2.06-.94 2.06-2.06.94zm-11 1L8.5 8.5l.94-2.06 2.06-.94-2.06-.94L8.5 2.5l-.94 2.06-2.06.94zm10 10l.94 2.06.94-2.06 2.06-.94-2.06-.94-.94-2.06-.94 2.06-2.06.94z\"/><path d=\"M17.41 7.96l-1.37-1.37c-.4-.4-.92-.59-1.43-.59-.52 0-1.04.2-1.43.59L10.3 9.45l-7.72 7.72c-.78.78-.78 2.05 0 2.83L4 21.41c.39.39.9.59 1.41.59.51 0 1.02-.2 1.41-.59l7.78-7.78 2.81-2.81c.8-.78.8-2.07 0-2.86zM5.41 20L4 18.59l7.72-7.72 1.47 1.35L5.41 20z\"/>\n",
              "  </svg>\n",
              "      </button>\n",
              "      \n",
              "  <style>\n",
              "    .colab-df-container {\n",
              "      display:flex;\n",
              "      flex-wrap:wrap;\n",
              "      gap: 12px;\n",
              "    }\n",
              "\n",
              "    .colab-df-convert {\n",
              "      background-color: #E8F0FE;\n",
              "      border: none;\n",
              "      border-radius: 50%;\n",
              "      cursor: pointer;\n",
              "      display: none;\n",
              "      fill: #1967D2;\n",
              "      height: 32px;\n",
              "      padding: 0 0 0 0;\n",
              "      width: 32px;\n",
              "    }\n",
              "\n",
              "    .colab-df-convert:hover {\n",
              "      background-color: #E2EBFA;\n",
              "      box-shadow: 0px 1px 2px rgba(60, 64, 67, 0.3), 0px 1px 3px 1px rgba(60, 64, 67, 0.15);\n",
              "      fill: #174EA6;\n",
              "    }\n",
              "\n",
              "    [theme=dark] .colab-df-convert {\n",
              "      background-color: #3B4455;\n",
              "      fill: #D2E3FC;\n",
              "    }\n",
              "\n",
              "    [theme=dark] .colab-df-convert:hover {\n",
              "      background-color: #434B5C;\n",
              "      box-shadow: 0px 1px 3px 1px rgba(0, 0, 0, 0.15);\n",
              "      filter: drop-shadow(0px 1px 2px rgba(0, 0, 0, 0.3));\n",
              "      fill: #FFFFFF;\n",
              "    }\n",
              "  </style>\n",
              "\n",
              "      <script>\n",
              "        const buttonEl =\n",
              "          document.querySelector('#df-ea96de76-c82a-4c4e-8f79-b346ced9907b button.colab-df-convert');\n",
              "        buttonEl.style.display =\n",
              "          google.colab.kernel.accessAllowed ? 'block' : 'none';\n",
              "\n",
              "        async function convertToInteractive(key) {\n",
              "          const element = document.querySelector('#df-ea96de76-c82a-4c4e-8f79-b346ced9907b');\n",
              "          const dataTable =\n",
              "            await google.colab.kernel.invokeFunction('convertToInteractive',\n",
              "                                                     [key], {});\n",
              "          if (!dataTable) return;\n",
              "\n",
              "          const docLinkHtml = 'Like what you see? Visit the ' +\n",
              "            '<a target=\"_blank\" href=https://colab.research.google.com/notebooks/data_table.ipynb>data table notebook</a>'\n",
              "            + ' to learn more about interactive tables.';\n",
              "          element.innerHTML = '';\n",
              "          dataTable['output_type'] = 'display_data';\n",
              "          await google.colab.output.renderOutput(dataTable, element);\n",
              "          const docLink = document.createElement('div');\n",
              "          docLink.innerHTML = docLinkHtml;\n",
              "          element.appendChild(docLink);\n",
              "        }\n",
              "      </script>\n",
              "    </div>\n",
              "  </div>\n",
              "  "
            ]
          },
          "metadata": {},
          "execution_count": 13
        }
      ]
    },
    {
      "cell_type": "code",
      "source": [
        "pd.options.display.max_columns = 30"
      ],
      "metadata": {
        "id": "H3_aY2FNeA9h"
      },
      "execution_count": null,
      "outputs": []
    },
    {
      "cell_type": "code",
      "source": [
        "data.info()"
      ],
      "metadata": {
        "id": "uWvsBfWReIEC",
        "colab": {
          "base_uri": "https://localhost:8080/"
        },
        "outputId": "5e10251e-97f4-4412-805b-a7db0d226e21"
      },
      "execution_count": null,
      "outputs": [
        {
          "output_type": "stream",
          "name": "stdout",
          "text": [
            "<class 'pandas.core.frame.DataFrame'>\n",
            "Int64Index: 8656 entries, 0 to 1367\n",
            "Data columns (total 28 columns):\n",
            " #   Column     Non-Null Count  Dtype  \n",
            "---  ------     --------------  -----  \n",
            " 0   G_ID       8656 non-null   object \n",
            " 1   GDAY_DS    8656 non-null   int64  \n",
            " 2   T_ID       8656 non-null   object \n",
            " 3   VS_T_ID    8656 non-null   object \n",
            " 4   HEADER_NO  8656 non-null   int64  \n",
            " 5   TB_SC      8656 non-null   object \n",
            " 6   PA         8656 non-null   float64\n",
            " 7   AB         8656 non-null   float64\n",
            " 8   RBI        8656 non-null   float64\n",
            " 9   RUN        8656 non-null   float64\n",
            " 10  HIT        8656 non-null   float64\n",
            " 11  H2         8656 non-null   int64  \n",
            " 12  H3         8656 non-null   int64  \n",
            " 13  HR         8656 non-null   float64\n",
            " 14  SB         8656 non-null   int64  \n",
            " 15  CS         8656 non-null   int64  \n",
            " 16  SF         8656 non-null   int64  \n",
            " 17  BB         8656 non-null   float64\n",
            " 18  HP         8656 non-null   float64\n",
            " 19  KK         8656 non-null   float64\n",
            " 20  GD         8656 non-null   float64\n",
            " 21  LOB        8656 non-null   float64\n",
            " 22  P_HRA_RT   8656 non-null   float64\n",
            " 23  P_AB_CN    8656 non-null   int64  \n",
            " 24  P_HIT_CN   8656 non-null   int64  \n",
            " 25  OBP        8656 non-null   float64\n",
            " 26  OOO        8656 non-null   float64\n",
            " 27  win        8656 non-null   float64\n",
            "dtypes: float64(15), int64(9), object(4)\n",
            "memory usage: 1.9+ MB\n"
          ]
        }
      ]
    },
    {
      "cell_type": "code",
      "source": [
        "data.isna().mean()  #결측치 비율 확인"
      ],
      "metadata": {
        "id": "FCDqP9LHfXzx",
        "colab": {
          "base_uri": "https://localhost:8080/"
        },
        "outputId": "b49b1faf-8bc6-450f-f6b6-a35e33f3b86c"
      },
      "execution_count": null,
      "outputs": [
        {
          "output_type": "execute_result",
          "data": {
            "text/plain": [
              "G_ID         0.0\n",
              "GDAY_DS      0.0\n",
              "T_ID         0.0\n",
              "VS_T_ID      0.0\n",
              "HEADER_NO    0.0\n",
              "TB_SC        0.0\n",
              "PA           0.0\n",
              "AB           0.0\n",
              "RBI          0.0\n",
              "RUN          0.0\n",
              "HIT          0.0\n",
              "H2           0.0\n",
              "H3           0.0\n",
              "HR           0.0\n",
              "SB           0.0\n",
              "CS           0.0\n",
              "SF           0.0\n",
              "BB           0.0\n",
              "HP           0.0\n",
              "KK           0.0\n",
              "GD           0.0\n",
              "LOB          0.0\n",
              "P_HRA_RT     0.0\n",
              "P_AB_CN      0.0\n",
              "P_HIT_CN     0.0\n",
              "OBP          0.0\n",
              "OOO          0.0\n",
              "win          0.0\n",
              "dtype: float64"
            ]
          },
          "metadata": {},
          "execution_count": 16
        }
      ]
    },
    {
      "cell_type": "code",
      "source": [
        "baseball_data = baseball_data.drop(columns=['RUN','G_ID','GDAY_DS','HEADER_NO', 'TB_SC'], axis=1)\n",
        "baseball_data.info()"
      ],
      "metadata": {
        "colab": {
          "base_uri": "https://localhost:8080/"
        },
        "id": "L7K_Uc0ylFe0",
        "outputId": "70093309-3404-40e2-c633-9fd21872bf27"
      },
      "execution_count": null,
      "outputs": [
        {
          "output_type": "stream",
          "name": "stdout",
          "text": [
            "<class 'pandas.core.frame.DataFrame'>\n",
            "Int64Index: 8656 entries, 0 to 1367\n",
            "Data columns (total 23 columns):\n",
            " #   Column    Non-Null Count  Dtype  \n",
            "---  ------    --------------  -----  \n",
            " 0   T_ID      8656 non-null   object \n",
            " 1   VS_T_ID   8656 non-null   object \n",
            " 2   PA        8656 non-null   float64\n",
            " 3   AB        8656 non-null   float64\n",
            " 4   RBI       8656 non-null   float64\n",
            " 5   HIT       8656 non-null   float64\n",
            " 6   H2        8656 non-null   int64  \n",
            " 7   H3        8656 non-null   int64  \n",
            " 8   HR        8656 non-null   float64\n",
            " 9   SB        8656 non-null   int64  \n",
            " 10  CS        8656 non-null   int64  \n",
            " 11  SF        8656 non-null   int64  \n",
            " 12  BB        8656 non-null   float64\n",
            " 13  HP        8656 non-null   float64\n",
            " 14  KK        8656 non-null   float64\n",
            " 15  GD        8656 non-null   float64\n",
            " 16  LOB       8656 non-null   float64\n",
            " 17  P_HRA_RT  8656 non-null   float64\n",
            " 18  P_AB_CN   8656 non-null   int64  \n",
            " 19  P_HIT_CN  8656 non-null   int64  \n",
            " 20  OBP       8656 non-null   float64\n",
            " 21  OOO       8656 non-null   float64\n",
            " 22  win       8656 non-null   float64\n",
            "dtypes: float64(14), int64(7), object(2)\n",
            "memory usage: 1.6+ MB\n"
          ]
        }
      ]
    },
    {
      "cell_type": "markdown",
      "source": [
        "## feature 간 상관관계 알아보기"
      ],
      "metadata": {
        "id": "YNk7cXQAwxWW"
      }
    },
    {
      "cell_type": "code",
      "source": [
        "baseball_data_corr = baseball_data.corr()\n",
        "baseball_data_corr"
      ],
      "metadata": {
        "id": "uc_ZACWRvB_B",
        "colab": {
          "base_uri": "https://localhost:8080/",
          "height": 771
        },
        "outputId": "741a2f72-7c6f-47a6-ee75-76ce9d93a52d"
      },
      "execution_count": null,
      "outputs": [
        {
          "output_type": "execute_result",
          "data": {
            "text/plain": [
              "                PA        AB       RBI       HIT        H2        H3  \\\n",
              "PA        1.000000  0.860770  0.686455  0.766584  0.397270  0.140517   \n",
              "AB        0.860770  1.000000  0.587432  0.803186  0.396647  0.136188   \n",
              "RBI       0.686455  0.587432  1.000000  0.789146  0.475995  0.181062   \n",
              "HIT       0.766584  0.803186  0.789146  1.000000  0.514683  0.172947   \n",
              "H2        0.397270  0.396647  0.475995  0.514683  1.000000  0.057720   \n",
              "H3        0.140517  0.136188  0.181062  0.172947  0.057720  1.000000   \n",
              "HR        0.314857  0.330989  0.567985  0.399875  0.104613  0.024871   \n",
              "SB        0.174650  0.101298  0.116999  0.111697  0.027991  0.022649   \n",
              "CS       -0.019585 -0.071638 -0.022423  0.027772 -0.012621 -0.010206   \n",
              "SF        0.205656  0.032129  0.267871  0.202768  0.145169  0.090933   \n",
              "BB        0.545407  0.108710  0.352053  0.166997  0.113482  0.043052   \n",
              "HP        0.250312  0.061843  0.192618  0.108739  0.060593  0.021689   \n",
              "KK        0.067588  0.119841 -0.127466 -0.114044 -0.073333 -0.036653   \n",
              "GD       -0.057938 -0.094962 -0.052795  0.058244 -0.039292 -0.029161   \n",
              "LOB       0.695470  0.537054  0.291913  0.516882  0.240678  0.069829   \n",
              "P_HRA_RT  0.331245  0.320853  0.634984  0.508146  0.285317  0.109475   \n",
              "P_AB_CN   0.745622  0.626073  0.622888  0.726634  0.541205  0.158946   \n",
              "P_HIT_CN  0.644235  0.586444  0.827340  0.778547  0.511660  0.164722   \n",
              "OBP       0.725046  0.497387  0.761772  0.830608  0.442449  0.148588   \n",
              "OOO       0.635140  0.619223  0.762543  0.957310  0.497381  0.166555   \n",
              "win       0.280049  0.151959  0.545779  0.412081  0.271730  0.113421   \n",
              "\n",
              "                HR        SB        CS        SF        BB        HP  \\\n",
              "PA        0.314857  0.174650 -0.019585  0.205656  0.545407  0.250312   \n",
              "AB        0.330989  0.101298 -0.071638  0.032129  0.108710  0.061843   \n",
              "RBI       0.567985  0.116999 -0.022423  0.267871  0.352053  0.192618   \n",
              "HIT       0.399875  0.111697  0.027772  0.202768  0.166997  0.108739   \n",
              "H2        0.104613  0.027991 -0.012621  0.145169  0.113482  0.060593   \n",
              "H3        0.024871  0.022649 -0.010206  0.090933  0.043052  0.021689   \n",
              "HR        1.000000  0.001041 -0.006051 -0.004166  0.097174  0.063902   \n",
              "SB        0.001041  1.000000  0.039302  0.077741  0.177182  0.034870   \n",
              "CS       -0.006051  0.039302  1.000000 -0.005973  0.075496  0.018223   \n",
              "SF       -0.004166  0.077741 -0.005973  1.000000  0.139073  0.069134   \n",
              "BB        0.097174  0.177182  0.075496  0.139073  1.000000  0.092512   \n",
              "HP        0.063902  0.034870  0.018223  0.069134  0.092512  1.000000   \n",
              "KK       -0.011301  0.035852 -0.001966 -0.125583 -0.014437 -0.019185   \n",
              "GD       -0.059829 -0.053098 -0.046097 -0.045445  0.062436  0.023381   \n",
              "LOB      -0.025601  0.150943 -0.036006  0.064829  0.501023  0.240137   \n",
              "P_HRA_RT  0.214329  0.054187  0.040290  0.138266  0.103161  0.066034   \n",
              "P_AB_CN   0.080595  0.236874 -0.032665  0.142304  0.412636  0.210762   \n",
              "P_HIT_CN  0.192327  0.150331 -0.010463  0.173611  0.280618  0.156338   \n",
              "OBP       0.343057  0.166309  0.110875  0.223370  0.568677  0.276838   \n",
              "OOO       0.373002  0.113228  0.074800  0.255567  0.177240  0.113990   \n",
              "win       0.284650  0.167154  0.070132  0.177206  0.230207  0.115497   \n",
              "\n",
              "                KK        GD       LOB  P_HRA_RT   P_AB_CN  P_HIT_CN  \\\n",
              "PA        0.067588 -0.057938  0.695470  0.331245  0.745622  0.644235   \n",
              "AB        0.119841 -0.094962  0.537054  0.320853  0.626073  0.586444   \n",
              "RBI      -0.127466 -0.052795  0.291913  0.634984  0.622888  0.827340   \n",
              "HIT      -0.114044  0.058244  0.516882  0.508146  0.726634  0.778547   \n",
              "H2       -0.073333 -0.039292  0.240678  0.285317  0.541205  0.511660   \n",
              "H3       -0.036653 -0.029161  0.069829  0.109475  0.158946  0.164722   \n",
              "HR       -0.011301 -0.059829 -0.025601  0.214329  0.080595  0.192327   \n",
              "SB        0.035852 -0.053098  0.150943  0.054187  0.236874  0.150331   \n",
              "CS       -0.001966 -0.046097 -0.036006  0.040290 -0.032665 -0.010463   \n",
              "SF       -0.125583 -0.045445  0.064829  0.138266  0.142304  0.173611   \n",
              "BB       -0.014437  0.062436  0.501023  0.103161  0.412636  0.280618   \n",
              "HP       -0.019185  0.023381  0.240137  0.066034  0.210762  0.156338   \n",
              "KK        1.000000 -0.177420  0.037724 -0.127817 -0.043452 -0.121166   \n",
              "GD       -0.177420  1.000000  0.051264 -0.001616 -0.040242 -0.017087   \n",
              "LOB       0.037724  0.051264  1.000000 -0.035633  0.764824  0.367685   \n",
              "P_HRA_RT -0.127817 -0.001616 -0.035633  1.000000  0.288986  0.752454   \n",
              "P_AB_CN  -0.043452 -0.040242  0.764824  0.288986  1.000000  0.755841   \n",
              "P_HIT_CN -0.121166 -0.017087  0.367685  0.752454  0.755841  1.000000   \n",
              "OBP      -0.185546  0.143036  0.594859  0.481139  0.730919  0.723252   \n",
              "OOO      -0.197708  0.116996  0.457006  0.532640  0.680463  0.748510   \n",
              "win      -0.181548 -0.066277  0.119941  0.391463  0.361901  0.466158   \n",
              "\n",
              "               OBP       OOO       win  \n",
              "PA        0.725046  0.635140  0.280049  \n",
              "AB        0.497387  0.619223  0.151959  \n",
              "RBI       0.761772  0.762543  0.545779  \n",
              "HIT       0.830608  0.957310  0.412081  \n",
              "H2        0.442449  0.497381  0.271730  \n",
              "H3        0.148588  0.166555  0.113421  \n",
              "HR        0.343057  0.373002  0.284650  \n",
              "SB        0.166309  0.113228  0.167154  \n",
              "CS        0.110875  0.074800  0.070132  \n",
              "SF        0.223370  0.255567  0.177206  \n",
              "BB        0.568677  0.177240  0.230207  \n",
              "HP        0.276838  0.113990  0.115497  \n",
              "KK       -0.185546 -0.197708 -0.181548  \n",
              "GD        0.143036  0.116996 -0.066277  \n",
              "LOB       0.594859  0.457006  0.119941  \n",
              "P_HRA_RT  0.481139  0.532640  0.391463  \n",
              "P_AB_CN   0.730919  0.680463  0.361901  \n",
              "P_HIT_CN  0.723252  0.748510  0.466158  \n",
              "OBP       1.000000  0.885964  0.505679  \n",
              "OOO       0.885964  1.000000  0.477615  \n",
              "win       0.505679  0.477615  1.000000  "
            ],
            "text/html": [
              "\n",
              "  <div id=\"df-834ebc5d-52c1-48df-8e19-82000dd0b0c2\">\n",
              "    <div class=\"colab-df-container\">\n",
              "      <div>\n",
              "<style scoped>\n",
              "    .dataframe tbody tr th:only-of-type {\n",
              "        vertical-align: middle;\n",
              "    }\n",
              "\n",
              "    .dataframe tbody tr th {\n",
              "        vertical-align: top;\n",
              "    }\n",
              "\n",
              "    .dataframe thead th {\n",
              "        text-align: right;\n",
              "    }\n",
              "</style>\n",
              "<table border=\"1\" class=\"dataframe\">\n",
              "  <thead>\n",
              "    <tr style=\"text-align: right;\">\n",
              "      <th></th>\n",
              "      <th>PA</th>\n",
              "      <th>AB</th>\n",
              "      <th>RBI</th>\n",
              "      <th>HIT</th>\n",
              "      <th>H2</th>\n",
              "      <th>H3</th>\n",
              "      <th>HR</th>\n",
              "      <th>SB</th>\n",
              "      <th>CS</th>\n",
              "      <th>SF</th>\n",
              "      <th>BB</th>\n",
              "      <th>HP</th>\n",
              "      <th>KK</th>\n",
              "      <th>GD</th>\n",
              "      <th>LOB</th>\n",
              "      <th>P_HRA_RT</th>\n",
              "      <th>P_AB_CN</th>\n",
              "      <th>P_HIT_CN</th>\n",
              "      <th>OBP</th>\n",
              "      <th>OOO</th>\n",
              "      <th>win</th>\n",
              "    </tr>\n",
              "  </thead>\n",
              "  <tbody>\n",
              "    <tr>\n",
              "      <th>PA</th>\n",
              "      <td>1.000000</td>\n",
              "      <td>0.860770</td>\n",
              "      <td>0.686455</td>\n",
              "      <td>0.766584</td>\n",
              "      <td>0.397270</td>\n",
              "      <td>0.140517</td>\n",
              "      <td>0.314857</td>\n",
              "      <td>0.174650</td>\n",
              "      <td>-0.019585</td>\n",
              "      <td>0.205656</td>\n",
              "      <td>0.545407</td>\n",
              "      <td>0.250312</td>\n",
              "      <td>0.067588</td>\n",
              "      <td>-0.057938</td>\n",
              "      <td>0.695470</td>\n",
              "      <td>0.331245</td>\n",
              "      <td>0.745622</td>\n",
              "      <td>0.644235</td>\n",
              "      <td>0.725046</td>\n",
              "      <td>0.635140</td>\n",
              "      <td>0.280049</td>\n",
              "    </tr>\n",
              "    <tr>\n",
              "      <th>AB</th>\n",
              "      <td>0.860770</td>\n",
              "      <td>1.000000</td>\n",
              "      <td>0.587432</td>\n",
              "      <td>0.803186</td>\n",
              "      <td>0.396647</td>\n",
              "      <td>0.136188</td>\n",
              "      <td>0.330989</td>\n",
              "      <td>0.101298</td>\n",
              "      <td>-0.071638</td>\n",
              "      <td>0.032129</td>\n",
              "      <td>0.108710</td>\n",
              "      <td>0.061843</td>\n",
              "      <td>0.119841</td>\n",
              "      <td>-0.094962</td>\n",
              "      <td>0.537054</td>\n",
              "      <td>0.320853</td>\n",
              "      <td>0.626073</td>\n",
              "      <td>0.586444</td>\n",
              "      <td>0.497387</td>\n",
              "      <td>0.619223</td>\n",
              "      <td>0.151959</td>\n",
              "    </tr>\n",
              "    <tr>\n",
              "      <th>RBI</th>\n",
              "      <td>0.686455</td>\n",
              "      <td>0.587432</td>\n",
              "      <td>1.000000</td>\n",
              "      <td>0.789146</td>\n",
              "      <td>0.475995</td>\n",
              "      <td>0.181062</td>\n",
              "      <td>0.567985</td>\n",
              "      <td>0.116999</td>\n",
              "      <td>-0.022423</td>\n",
              "      <td>0.267871</td>\n",
              "      <td>0.352053</td>\n",
              "      <td>0.192618</td>\n",
              "      <td>-0.127466</td>\n",
              "      <td>-0.052795</td>\n",
              "      <td>0.291913</td>\n",
              "      <td>0.634984</td>\n",
              "      <td>0.622888</td>\n",
              "      <td>0.827340</td>\n",
              "      <td>0.761772</td>\n",
              "      <td>0.762543</td>\n",
              "      <td>0.545779</td>\n",
              "    </tr>\n",
              "    <tr>\n",
              "      <th>HIT</th>\n",
              "      <td>0.766584</td>\n",
              "      <td>0.803186</td>\n",
              "      <td>0.789146</td>\n",
              "      <td>1.000000</td>\n",
              "      <td>0.514683</td>\n",
              "      <td>0.172947</td>\n",
              "      <td>0.399875</td>\n",
              "      <td>0.111697</td>\n",
              "      <td>0.027772</td>\n",
              "      <td>0.202768</td>\n",
              "      <td>0.166997</td>\n",
              "      <td>0.108739</td>\n",
              "      <td>-0.114044</td>\n",
              "      <td>0.058244</td>\n",
              "      <td>0.516882</td>\n",
              "      <td>0.508146</td>\n",
              "      <td>0.726634</td>\n",
              "      <td>0.778547</td>\n",
              "      <td>0.830608</td>\n",
              "      <td>0.957310</td>\n",
              "      <td>0.412081</td>\n",
              "    </tr>\n",
              "    <tr>\n",
              "      <th>H2</th>\n",
              "      <td>0.397270</td>\n",
              "      <td>0.396647</td>\n",
              "      <td>0.475995</td>\n",
              "      <td>0.514683</td>\n",
              "      <td>1.000000</td>\n",
              "      <td>0.057720</td>\n",
              "      <td>0.104613</td>\n",
              "      <td>0.027991</td>\n",
              "      <td>-0.012621</td>\n",
              "      <td>0.145169</td>\n",
              "      <td>0.113482</td>\n",
              "      <td>0.060593</td>\n",
              "      <td>-0.073333</td>\n",
              "      <td>-0.039292</td>\n",
              "      <td>0.240678</td>\n",
              "      <td>0.285317</td>\n",
              "      <td>0.541205</td>\n",
              "      <td>0.511660</td>\n",
              "      <td>0.442449</td>\n",
              "      <td>0.497381</td>\n",
              "      <td>0.271730</td>\n",
              "    </tr>\n",
              "    <tr>\n",
              "      <th>H3</th>\n",
              "      <td>0.140517</td>\n",
              "      <td>0.136188</td>\n",
              "      <td>0.181062</td>\n",
              "      <td>0.172947</td>\n",
              "      <td>0.057720</td>\n",
              "      <td>1.000000</td>\n",
              "      <td>0.024871</td>\n",
              "      <td>0.022649</td>\n",
              "      <td>-0.010206</td>\n",
              "      <td>0.090933</td>\n",
              "      <td>0.043052</td>\n",
              "      <td>0.021689</td>\n",
              "      <td>-0.036653</td>\n",
              "      <td>-0.029161</td>\n",
              "      <td>0.069829</td>\n",
              "      <td>0.109475</td>\n",
              "      <td>0.158946</td>\n",
              "      <td>0.164722</td>\n",
              "      <td>0.148588</td>\n",
              "      <td>0.166555</td>\n",
              "      <td>0.113421</td>\n",
              "    </tr>\n",
              "    <tr>\n",
              "      <th>HR</th>\n",
              "      <td>0.314857</td>\n",
              "      <td>0.330989</td>\n",
              "      <td>0.567985</td>\n",
              "      <td>0.399875</td>\n",
              "      <td>0.104613</td>\n",
              "      <td>0.024871</td>\n",
              "      <td>1.000000</td>\n",
